_viz_0 = nengo_gui.components.HTMLView(pacman.environment)
_viz_config[_viz_0].label_visible = True
_viz_config[_viz_0].width = 0.1402524544179523
_viz_config[_viz_0].height = 0.19646365422396855
_viz_config[_viz_0].y = 0.32043709237723156
_viz_config[_viz_0].x = 0.6816680377599931
_viz_1 = nengo_gui.components.Slider(manual_control)
_viz_config[_viz_1].label_visible = True
_viz_config[_viz_1].width = 0.07012622720897616
_viz_config[_viz_1].x = 0.1607810209454167
_viz_config[_viz_1].y = 0.7252588270482397
_viz_config[_viz_1].max_value = 1
_viz_config[_viz_1].min_value = -1
_viz_config[_viz_1].height = 0.19646365422396855
_viz_2 = nengo_gui.components.HTMLView(pacman.score)
_viz_config[_viz_2].label_visible = True
_viz_config[_viz_2].width = 0.09747545582047686
_viz_config[_viz_2].height = 0.13850687622789784
_viz_config[_viz_2].y = 0.6428558004831773
_viz_config[_viz_2].x = 0.7327713913702836
_viz_ace_editor = nengo_gui.components.AceEditor()
_viz_net_graph = nengo_gui.components.NetGraph()
_viz_sim_control = nengo_gui.components.SimControl()
_viz_config[_viz_sim_control].kept_time = 4.0
_viz_config[_viz_sim_control].shown_time = 0.5
_viz_config[manual_control].pos=(0.22189732453161082, 0.14169805367722454)
_viz_config[manual_control].size=(0.1, 0.1)
_viz_config[model].pos=(0, 0)
_viz_config[model].size=(1.0, 1.0)
_viz_config[model].expanded=True
_viz_config[model].has_layout=True
_viz_config[pacman].pos=(0.3978294359690764, 0.3732421567736511)
_viz_config[pacman].size=(0.11332398316970548, 0.1854616895874262)
_viz_config[pacman].expanded=True
_viz_config[pacman].has_layout=True
_viz_config[pacman.environment].pos=(0.5, 0.7096774193548386)
_viz_config[pacman.environment].size=(0.3076923076923077, 0.12903225806451613)
_viz_config[pacman.move].pos=(0.5, 0.29032258064516125)
_viz_config[pacman.move].size=(0.3076923076923077, 0.12903225806451613)
_viz_config[pacman.score].pos=(0.7422872165907235, 0.5362994949584127)
_viz_config[pacman.score].size=(0.1, 0.1)