_viz_0 = nengo_gui.components.HTMLView(pacman.environment)
_viz_config[_viz_0].label_visible = True
_viz_config[_viz_0].width = 0.18152427089975234
_viz_config[_viz_0].height = 0.3432921678222195
_viz_config[_viz_0].y = 0.42657462145042385
_viz_config[_viz_0].x = 0.23003870867110685
_viz_1 = nengo_gui.components.XYValue(move)
_viz_config[_viz_1].index_x = 1
_viz_config[_viz_1].index_y = 0
_viz_config[_viz_1].max_value = 3
_viz_config[_viz_1].min_value = -3
_viz_config[_viz_1].height = 0.19187145918213352
_viz_config[_viz_1].label_visible = True
_viz_config[_viz_1].width = 0.11143617021276596
_viz_config[_viz_1].y = 0.3118029300567101
_viz_config[_viz_1].x = 0.9028251872071582
_viz_10 = nengo_gui.components.Raster(move)
_viz_config[_viz_10].label_visible = True
_viz_config[_viz_10].width = 0.13103953147877012
_viz_config[_viz_10].y = 0.22015413697833255
_viz_config[_viz_10].x = 0.5711836318754768
_viz_config[_viz_10].n_neurons = 10
_viz_config[_viz_10].height = 0.12287334593572778
_viz_11 = nengo_gui.components.Raster(food)
_viz_config[_viz_11].label_visible = True
_viz_config[_viz_11].width = 0.10907759882869693
_viz_config[_viz_11].y = 0.9136251272357132
_viz_config[_viz_11].x = 0.6441980878226303
_viz_config[_viz_11].n_neurons = 10
_viz_config[_viz_11].height = 0.1342155009451796
_viz_2 = nengo_gui.components.HTMLView(pacman.score)
_viz_config[_viz_2].label_visible = True
_viz_config[_viz_2].width = 0.10219162065497604
_viz_config[_viz_2].height = 0.14511460302457466
_viz_config[_viz_2].y = 0.905553493639082
_viz_config[_viz_2].x = 0.3685191126937843
_viz_3 = nengo_gui.components.XYValue(food)
_viz_config[_viz_3].index_x = 0
_viz_config[_viz_3].index_y = 1
_viz_config[_viz_3].max_value = 1
_viz_config[_viz_3].min_value = -1
_viz_config[_viz_3].height = 0.1890359168241966
_viz_config[_viz_3].label_visible = True
_viz_config[_viz_3].width = 0.10638297872340426
_viz_config[_viz_3].y = 0.8739275847026318
_viz_config[_viz_3].x = 0.9121243206502706
_viz_ace_editor = nengo_gui.components.AceEditor()
_viz_net_graph = nengo_gui.components.NetGraph()
_viz_sim_control = nengo_gui.components.SimControl()
_viz_config[_viz_sim_control].kept_time = 4.0
_viz_config[_viz_sim_control].shown_time = 0.5
_viz_config[food].pos=(0.7506211827350704, 0.6798022393485528)
_viz_config[food].size=(0.03597122302158273, 0.033444816053511704)
_viz_config[model].pos=(-0.047156107687542206, -0.08128544423440455)
_viz_config[model].size=(1, 1)
_viz_config[model].expanded=True
_viz_config[model].has_layout=True
_viz_config[move].pos=(0.7507991506999411, 0.3833066744219857)
_viz_config[move].size=(0.03597122302158273, 0.033444816053511704)
_viz_config[pacman].pos=(0.22840846350288183, 0.41486113130725694)
_viz_config[pacman].size=(0.17580137253168798, 0.33037661771121213)
_viz_config[pacman].expanded=False
_viz_config[pacman].has_layout=True
_viz_config[pacman.detect_enemy].pos=(0.5, 0.7349397590361444)
_viz_config[pacman.detect_enemy].size=(0.3076923076923077, 0.04819277108433734)
_viz_config[pacman.detect_food].pos=(0.5, 0.8915662650602407)
_viz_config[pacman.detect_food].size=(0.3076923076923077, 0.04819277108433734)
_viz_config[pacman.environment].pos=(0.5, 0.5783132530120481)
_viz_config[pacman.environment].size=(0.3076923076923077, 0.04819277108433734)
_viz_config[pacman.move].pos=(0.5, 0.4216867469879518)
_viz_config[pacman.move].size=(0.3076923076923077, 0.04819277108433734)
_viz_config[pacman.obstacles].pos=(0.5, 0.10843373493975904)
_viz_config[pacman.obstacles].size=(0.3076923076923077, 0.04819277108433735)
_viz_config[pacman.score].pos=(0.5, 0.26506024096385544)
_viz_config[pacman.score].size=(0.3076923076923077, 0.04819277108433735)