_viz_0 = nengo_gui.components.HTMLView(pacman.environment)
_viz_config[_viz_0].label_visible = True
_viz_config[_viz_0].width = 0.23872538475234698
_viz_config[_viz_0].height = 0.3055122446294727
_viz_config[_viz_0].y = 0.3358373813748114
_viz_config[_viz_0].x = 0.26228683108663825
_viz_2 = nengo_gui.components.HTMLView(pacman.score)
_viz_config[_viz_2].label_visible = True
_viz_config[_viz_2].width = 0.15160570276497695
_viz_config[_viz_2].height = 0.13850420091102406
_viz_config[_viz_2].y = 0.16741375726117366
_viz_config[_viz_2].x = 0.7322203995850677
_viz_ace_editor = nengo_gui.components.AceEditor()
_viz_net_graph = nengo_gui.components.NetGraph()
_viz_sim_control = nengo_gui.components.SimControl()
_viz_config[_viz_sim_control].kept_time = 4.0
_viz_config[_viz_sim_control].shown_time = 0.5
_viz_config[enemy].pos=(0.6680871722947455, 0.5527996070726935)
_viz_config[enemy].size=(0.07692307692307693, 0.0625)
_viz_config[enemySensor].pos=(0.010834279656064316, 0.3347511331893902)
_viz_config[enemySensor].size=(0.1, 0.1)
_viz_config[food].pos=(0.6680871722947439, 0.8126227897838888)
_viz_config[food].size=(0.07692307692307693, 0.0625)
_viz_config[foodSensor].pos=(0.5377788578464395, 0.12740720587832555)
_viz_config[foodSensor].size=(0.1, 0.1)
_viz_config[model].pos=(0, 0)
_viz_config[model].size=(1.0, 1.0)
_viz_config[model].expanded=True
_viz_config[model].has_layout=True
_viz_config[move].pos=(0.3095803215017795, 0.7971635559921417)
_viz_config[move].size=(0.07692307692307693, 0.0625)
_viz_config[moveSensor].pos=(0.8365939226137165, 0.431832165566607)
_viz_config[moveSensor].size=(0.1, 0.1)
_viz_config[obstacleSensor].pos=(0.6140823162007727, 0.5091461225289675)
_viz_config[obstacleSensor].size=(0.1, 0.1)
_viz_config[obstacles].pos=(0.6708922213831059, 0.3074656188605128)
_viz_config[obstacles].size=(0.07692307692307693, 0.0625)
_viz_config[pacman].pos=(0.4272305534577634, 0.2588531434184681)
_viz_config[pacman].size=(0.1307044988671915, 0.25)
_viz_config[pacman].expanded=True
_viz_config[pacman].has_layout=True
_viz_config[pacman.detect_enemy].pos=(0.5, 0.7349397590361444)
_viz_config[pacman.detect_enemy].size=(0.3076923076923077, 0.04819277108433734)
_viz_config[pacman.detect_food].pos=(0.5, 0.8915662650602407)
_viz_config[pacman.detect_food].size=(0.3076923076923077, 0.04819277108433734)
_viz_config[pacman.environment].pos=(0.5, 0.5783132530120481)
_viz_config[pacman.environment].size=(0.3076923076923077, 0.04819277108433734)
_viz_config[pacman.move].pos=(0.5, 0.4216867469879518)
_viz_config[pacman.move].size=(0.3076923076923077, 0.04819277108433734)
_viz_config[pacman.obstacles].pos=(0.5, 0.10843373493975904)
_viz_config[pacman.obstacles].size=(0.3076923076923077, 0.04819277108433735)
_viz_config[pacman.score].pos=(0.5, 0.26506024096385544)
_viz_config[pacman.score].size=(0.3076923076923077, 0.04819277108433735)