_viz_0 = nengo_gui.components.HTMLView(env)
_viz_config[_viz_0].label_visible = True
_viz_config[_viz_0].width = 0.1402524544179523
_viz_config[_viz_0].height = 0.18083182640144665
_viz_config[_viz_0].y = 0.1997715808508609
_viz_config[_viz_0].x = 0.8469629949293347
_viz_1 = nengo_gui.components.Slider(control)
_viz_config[_viz_1].label_visible = True
_viz_config[_viz_1].width = 0.07012622720897616
_viz_config[_viz_1].x = 0.10789842563016983
_viz_config[_viz_1].y = 0.4204670726535631
_viz_config[_viz_1].max_value = 1
_viz_config[_viz_1].min_value = -1
_viz_config[_viz_1].height = 0.18083182640144665
_viz_2 = nengo_gui.components.Value(radar)
_viz_config[_viz_2].max_value = 4
_viz_config[_viz_2].min_value = 0
_viz_config[_viz_2].legend_labels = [u'label_0', u'label_1', u'label_2']
_viz_config[_viz_2].height = 0.18083182640144665
_viz_config[_viz_2].label_visible = True
_viz_config[_viz_2].width = 0.1402524544179523
_viz_config[_viz_2].show_legend = False
_viz_config[_viz_2].y = 0.7967783382506879
_viz_config[_viz_2].x = 0.856103731815308
_viz_ace_editor = nengo_gui.components.AceEditor()
_viz_net_graph = nengo_gui.components.NetGraph()
_viz_sim_control = nengo_gui.components.SimControl()
_viz_config[_viz_sim_control].kept_time = 4.0
_viz_config[_viz_sim_control].shown_time = 0.5
_viz_config[control].pos=(0.11170180093580141, 0.4283508160254369)
_viz_config[control].size=(0.0845722353642318, 0.17142857142857126)
_viz_config[env].pos=(0.6647966339410947, 0.041353383458647294)
_viz_config[env].size=(0.022278562951774758, 0.022794327591129412)
_viz_config[model].pos=(0, 0)
_viz_config[model].size=(1.0, 1.0)
_viz_config[model].expanded=True
_viz_config[model].has_layout=True
_viz_config[move].pos=(0.3221867765743819, 0.4016148411944058)
_viz_config[move].size=(0.1, 0.1)
_viz_config[movement].pos=(0.5029838022165352, 0.3874083944037306)
_viz_config[movement].size=(0.060899815746775554, 0.1032644903397736)
_viz_config[position].pos=(0.09038344491783323, 0.07732939944798704)
_viz_config[position].size=(0.1212121212121212, 0.06557377049180328)
_viz_config[radar].pos=(0.5216753793191373, 0.8528740402573172)
_viz_config[radar].size=(0.15151515151515152, 0.0819672131147541)
_viz_config[state].pos=(0.3100240810817956, 0.07732939944798702)
_viz_config[state].size=(0.15151515151515152, 0.0819672131147541)
_viz_config[stim_radar].pos=(0.2109949424114921, 0.8510657219933014)
_viz_config[stim_radar].size=(0.1212121212121212, 0.06557377049180328)